        TIME,    TIDE,      OB,   SURGE,    BIAS,     TWL,SURGE90p,  TWL90p,SURGE10p,   TWL10p
202603091800,   0.149,   0.341,   0.200,  -0.008,   0.341,   0.100,   0.241,   0.200,   0.341
202603091806,   0.155,9999.000,9999.000,9999.000,9999.000,9999.000,9999.000,9999.000,9999.000
202603091812,   0.160,   0.360,9999.000,9999.000,9999.000,9999.000,9999.000,9999.000,9999.000
202603091818,   0.166,9999.000,9999.000,9999.000,9999.000,9999.000,9999.000,9999.000,9999.000
202603091824,   0.171,   0.390,9999.000,9999.000,9999.000,9999.000,9999.000,9999.000,9999.000
202603091830,   0.177,9999.000,9999.000,9999.000,9999.000,9999.000,9999.000,9999.000,9999.000
202603091836,   0.182,   0.400,9999.000,9999.000,9999.000,9999.000,9999.000,9999.000,9999.000
202603091842,   0.187,9999.000,9999.000,9999.000,9999.000,9999.000,9999.000,9999.000,9999.000
202603091848,   0.191,   0.419,9999.000,9999.000,9999.000,9999.000,9999.000,9999.000,9999.000
202603091854,   0.196,9999.000,9999.000,9999.000,9999.000,9999.000,9999.000,9999.000,9999.000
202603091900,   0.200,   0.449,   0.200,   0.049,   0.449,   0.100,   0.349,   0.200,   0.449
202603091906,   0.205,   0.459,9999.000,9999.000,9999.000,9999.000,9999.000,9999.000,9999.000
202603091912,   0.209,   0.459,9999.000,9999.000,9999.000,9999.000,9999.000,9999.000,9999.000
202603091918,   0.213,   0.478,9999.000,9999.000,9999.000,9999.000,9999.000,9999.000,9999.000
202603091924,   0.216,   0.478,9999.000,9999.000,9999.000,9999.000,9999.000,9999.000,9999.000
202603091930,   0.220,   0.469,9999.000,9999.000,9999.000,9999.000,9999.000,9999.000,9999.000
202603091936,   0.223,   0.478,9999.000,9999.000,9999.000,9999.000,9999.000,9999.000,9999.000
202603091942,   0.226,   0.478,9999.000,9999.000,9999.000,9999.000,9999.000,9999.000,9999.000
202603091948,   0.229,   0.498,9999.000,9999.000,9999.000,9999.000,9999.000,9999.000,9999.000
202603091954,   0.232,   0.488,9999.000,9999.000,9999.000,9999.000,9999.000,9999.000,9999.000
202603092000,   0.235,   0.488,   0.200,   0.053,   0.488,   0.100,   0.388,   0.200,   0.488
202603092006,   0.238,   0.498,9999.000,9999.000,9999.000,9999.000,9999.000,9999.000,9999.000
202603092012,   0.240,   0.498,9999.000,9999.000,9999.000,9999.000,9999.000,9999.000,9999.000
202603092018,   0.242,   0.498,9999.000,9999.000,9999.000,9999.000,9999.000,9999.000,9999.000
202603092024,   0.244,   0.488,9999.000,9999.000,9999.000,9999.000,9999.000,9999.000,9999.000
202603092030,   0.246,   0.498,9999.000,9999.000,9999.000,9999.000,9999.000,9999.000,9999.000
202603092036,   0.248,   0.498,9999.000,9999.000,9999.000,9999.000,9999.000,9999.000,9999.000
202603092042,   0.249,   0.508,9999.000,9999.000,9999.000,9999.000,9999.000,9999.000,9999.000
202603092048,   0.250,   0.508,9999.000,9999.000,9999.000,9999.000,9999.000,9999.000,9999.000
202603092054,   0.251,   0.508,9999.000,9999.000,9999.000,9999.000,9999.000,9999.000,9999.000
202603092100,   0.252,   0.508,   0.200,   0.056,   0.508,   0.100,   0.408,   0.200,   0.508
202603092106,   0.252,   0.508,9999.000,9999.000,9999.000,9999.000,9999.000,9999.000,9999.000
202603092112,   0.252,   0.508,9999.000,9999.000,9999.000,9999.000,9999.000,9999.000,9999.000
202603092118,   0.252,   0.518,9999.000,9999.000,9999.000,9999.000,9999.000,9999.000,9999.000
202603092124,   0.252,   0.498,9999.000,9999.000,9999.000,9999.000,9999.000,9999.000,9999.000
202603092130,   0.251,   0.488,9999.000,9999.000,9999.000,9999.000,9999.000,9999.000,9999.000
202603092136,   0.250,   0.478,9999.000,9999.000,9999.000,9999.000,9999.000,9999.000,9999.000
202603092142,   0.249,   0.469,9999.000,9999.000,9999.000,9999.000,9999.000,9999.000,9999.000
202603092148,   0.247,   0.449,9999.000,9999.000,9999.000,9999.000,9999.000,9999.000,9999.000
202603092154,   0.245,   0.429,9999.000,9999.000,9999.000,9999.000,9999.000,9999.000,9999.000
202603092200,   0.243,   0.429,   0.200,  -0.014,   0.429,   0.100,   0.329,   0.200,   0.429
202603092206,   0.240,   0.419,9999.000,9999.000,9999.000,9999.000,9999.000,9999.000,9999.000
202603092212,   0.238,   0.419,9999.000,9999.000,9999.000,9999.000,9999.000,9999.000,9999.000
202603092218,   0.234,   0.409,9999.000,9999.000,9999.000,9999.000,9999.000,9999.000,9999.000
202603092224,   0.231,   0.409,9999.000,9999.000,9999.000,9999.000,9999.000,9999.000,9999.000
202603092230,   0.227,   0.400,9999.000,9999.000,9999.000,9999.000,9999.000,9999.000,9999.000
202603092236,   0.223,   0.380,9999.000,9999.000,9999.000,9999.000,9999.000,9999.000,9999.000
202603092242,   0.219,   0.370,9999.000,9999.000,9999.000,9999.000,9999.000,9999.000,9999.000
202603092248,   0.214,   0.350,9999.000,9999.000,9999.000,9999.000,9999.000,9999.000,9999.000
202603092254,   0.209,   0.350,9999.000,9999.000,9999.000,9999.000,9999.000,9999.000,9999.000
202603092300,   0.204,   0.341,   0.200,  -0.063,   0.341,   0.200,   0.341,   0.300,   0.441
202603092306,   0.199,   0.331,9999.000,9999.000,9999.000,9999.000,9999.000,9999.000,9999.000
202603092312,   0.194,   0.331,9999.000,9999.000,9999.000,9999.000,9999.000,9999.000,9999.000
202603092318,   0.188,   0.331,9999.000,9999.000,9999.000,9999.000,9999.000,9999.000,9999.000
202603092324,   0.183,   0.331,9999.000,9999.000,9999.000,9999.000,9999.000,9999.000,9999.000
202603092330,   0.177,   0.321,9999.000,9999.000,9999.000,9999.000,9999.000,9999.000,9999.000
202603092336,   0.171,   0.288,9999.000,9999.000,9999.000,9999.000,9999.000,9999.000,9999.000
202603092342,   0.165,   0.278,9999.000,9999.000,9999.000,9999.000,9999.000,9999.000,9999.000
202603092348,   0.160,   0.259,9999.000,9999.000,9999.000,9999.000,9999.000,9999.000,9999.000
202603092354,   0.154,   0.249,9999.000,9999.000,9999.000,9999.000,9999.000,9999.000,9999.000
202603100000,   0.148,   0.239,   0.300,  -0.209,   0.239,   0.300,   0.239,   0.300,   0.239
202603100006,   0.142,   0.239,9999.000,9999.000,9999.000,9999.000,9999.000,9999.000,9999.000
202603100012,   0.136,   0.239,9999.000,9999.000,9999.000,9999.000,9999.000,9999.000,9999.000
202603100018,   0.131,   0.219,9999.000,9999.000,9999.000,9999.000,9999.000,9999.000,9999.000
202603100024,   0.125,   0.209,9999.000,9999.000,9999.000,9999.000,9999.000,9999.000,9999.000
202603100030,   0.120,   0.209,9999.000,9999.000,9999.000,9999.000,9999.000,9999.000,9999.000
202603100036,   0.114,   0.209,9999.000,9999.000,9999.000,9999.000,9999.000,9999.000,9999.000
202603100042,   0.109,   0.190,9999.000,9999.000,9999.000,9999.000,9999.000,9999.000,9999.000
202603100048,   0.104,   0.180,9999.000,9999.000,9999.000,9999.000,9999.000,9999.000,9999.000
202603100054,   0.099,   0.160,9999.000,9999.000,9999.000,9999.000,9999.000,9999.000,9999.000
202603100100,   0.095,   0.150,   0.300,  -0.245,   0.150,   0.300,   0.150,   0.300,   0.150
202603100106,   0.090,   0.150,9999.000,9999.000,9999.000,9999.000,9999.000,9999.000,9999.000
202603100112,   0.086,   0.150,9999.000,9999.000,9999.000,9999.000,9999.000,9999.000,9999.000
202603100118,   0.082,   0.141,9999.000,9999.000,9999.000,9999.000,9999.000,9999.000,9999.000
202603100124,   0.078,   0.141,9999.000,9999.000,9999.000,9999.000,9999.000,9999.000,9999.000
202603100130,   0.074,   0.131,9999.000,9999.000,9999.000,9999.000,9999.000,9999.000,9999.000
202603100136,   0.071,   0.121,9999.000,9999.000,9999.000,9999.000,9999.000,9999.000,9999.000
202603100142,   0.068,   0.121,9999.000,9999.000,9999.000,9999.000,9999.000,9999.000,9999.000
202603100148,   0.065,   0.111,9999.000,9999.000,9999.000,9999.000,9999.000,9999.000,9999.000
202603100154,   0.062,   0.121,9999.000,9999.000,9999.000,9999.000,9999.000,9999.000,9999.000
202603100200,   0.059,   0.121,   0.300,  -0.238,   0.121,   0.300,   0.121,   0.300,   0.121
202603100206,   0.057,   0.121,9999.000,9999.000,9999.000,9999.000,9999.000,9999.000,9999.000
202603100212,   0.055,   0.121,9999.000,9999.000,9999.000,9999.000,9999.000,9999.000,9999.000
202603100218,   0.053,   0.111,9999.000,9999.000,9999.000,9999.000,9999.000,9999.000,9999.000
202603100224,   0.051,   0.111,9999.000,9999.000,9999.000,9999.000,9999.000,9999.000,9999.000
202603100230,   0.050,   0.098,9999.000,9999.000,9999.000,9999.000,9999.000,9999.000,9999.000
202603100236,   0.049,   0.088,9999.000,9999.000,9999.000,9999.000,9999.000,9999.000,9999.000
202603100242,   0.048,   0.088,9999.000,9999.000,9999.000,9999.000,9999.000,9999.000,9999.000
202603100248,   0.047,   0.098,9999.000,9999.000,9999.000,9999.000,9999.000,9999.000,9999.000
202603100254,   0.046,   0.111,9999.000,9999.000,9999.000,9999.000,9999.000,9999.000,9999.000
202603100300,   0.046,   0.131,   0.300,  -0.215,   0.131,   0.300,   0.131,   0.300,   0.131
202603100306,   0.046,   0.141,9999.000,9999.000,9999.000,9999.000,9999.000,9999.000,9999.000
202603100312,   0.046,   0.141,9999.000,9999.000,9999.000,9999.000,9999.000,9999.000,9999.000
202603100318,   0.046,   0.141,9999.000,9999.000,9999.000,9999.000,9999.000,9999.000,9999.000
202603100324,   0.047,   0.150,9999.000,9999.000,9999.000,9999.000,9999.000,9999.000,9999.000
202603100330,   0.048,   0.160,9999.000,9999.000,9999.000,9999.000,9999.000,9999.000,9999.000
202603100336,   0.049,   0.170,9999.000,9999.000,9999.000,9999.000,9999.000,9999.000,9999.000
202603100342,   0.051,   0.180,9999.000,9999.000,9999.000,9999.000,9999.000,9999.000,9999.000
202603100348,   0.053,   0.200,9999.000,9999.000,9999.000,9999.000,9999.000,9999.000,9999.000
202603100354,   0.055,   0.219,9999.000,9999.000,9999.000,9999.000,9999.000,9999.000,9999.000
202603100400,   0.057,   0.239,   0.300,  -0.118,   0.239,   0.300,   0.239,   0.300,   0.239
202603100406,   0.060,   0.259,9999.000,9999.000,9999.000,9999.000,9999.000,9999.000,9999.000
202603100412,   0.063,   0.259,9999.000,9999.000,9999.000,9999.000,9999.000,9999.000,9999.000
202603100418,   0.066,   0.288,9999.000,9999.000,9999.000,9999.000,9999.000,9999.000,9999.000
202603100424,   0.070,   0.308,9999.000,9999.000,9999.000,9999.000,9999.000,9999.000,9999.000
202603100430,   0.074,   0.331,9999.000,9999.000,9999.000,9999.000,9999.000,9999.000,9999.000
202603100436,   0.078,   0.350,9999.000,9999.000,9999.000,9999.000,9999.000,9999.000,9999.000
202603100442,   0.083,   0.350,9999.000,9999.000,9999.000,9999.000,9999.000,9999.000,9999.000
202603100448,   0.087,   0.350,9999.000,9999.000,9999.000,9999.000,9999.000,9999.000,9999.000
202603100454,   0.093,   0.380,9999.000,9999.000,9999.000,9999.000,9999.000,9999.000,9999.000
202603100500,   0.098,   0.400,   0.300,   0.002,   0.400,   0.300,   0.400,   0.300,   0.400
202603100506,   0.103,   0.429,9999.000,9999.000,9999.000,9999.000,9999.000,9999.000,9999.000
202603100512,   0.109,   0.429,9999.000,9999.000,9999.000,9999.000,9999.000,9999.000,9999.000
202603100518,   0.115,   0.469,9999.000,9999.000,9999.000,9999.000,9999.000,9999.000,9999.000
202603100524,   0.121,   0.469,9999.000,9999.000,9999.000,9999.000,9999.000,9999.000,9999.000
202603100530,   0.127,   0.478,9999.000,9999.000,9999.000,9999.000,9999.000,9999.000,9999.000
202603100536,   0.134,   0.508,9999.000,9999.000,9999.000,9999.000,9999.000,9999.000,9999.000
202603100542,   0.140,   0.531,9999.000,9999.000,9999.000,9999.000,9999.000,9999.000,9999.000
202603100548,   0.147,   0.541,9999.000,9999.000,9999.000,9999.000,9999.000,9999.000,9999.000
202603100554,   0.153,   0.570,9999.000,9999.000,9999.000,9999.000,9999.000,9999.000,9999.000
202603100600,   0.160,   0.600,   0.400,   0.040,   0.600,   0.300,   0.500,   0.400,   0.600
202603100606,   0.166,   0.619,9999.000,9999.000,9999.000,9999.000,9999.000,9999.000,9999.000
202603100612,   0.172,   0.619,9999.000,9999.000,9999.000,9999.000,9999.000,9999.000,9999.000
202603100618,   0.179,   0.639,9999.000,9999.000,9999.000,9999.000,9999.000,9999.000,9999.000
202603100624,   0.185,   0.669,9999.000,9999.000,9999.000,9999.000,9999.000,9999.000,9999.000
202603100630,   0.191,   0.688,9999.000,9999.000,9999.000,9999.000,9999.000,9999.000,9999.000
202603100636,   0.197,   0.698,9999.000,9999.000,9999.000,9999.000,9999.000,9999.000,9999.000
202603100642,   0.203,   0.718,9999.000,9999.000,9999.000,9999.000,9999.000,9999.000,9999.000
202603100648,   0.208,   0.741,9999.000,9999.000,9999.000,9999.000,9999.000,9999.000,9999.000
202603100654,   0.214,   0.751,9999.000,9999.000,9999.000,9999.000,9999.000,9999.000,9999.000
202603100700,   0.219,   0.790,   0.400,   0.171,   0.790,   0.300,   0.690,   0.400,   0.790
202603100706,   0.224,   0.800,9999.000,9999.000,9999.000,9999.000,9999.000,9999.000,9999.000
202603100712,   0.229,   0.800,9999.000,9999.000,9999.000,9999.000,9999.000,9999.000,9999.000
202603100718,   0.234,   0.819,9999.000,9999.000,9999.000,9999.000,9999.000,9999.000,9999.000
202603100724,   0.238,   0.829,9999.000,9999.000,9999.000,9999.000,9999.000,9999.000,9999.000
202603100730,   0.243,   0.849,9999.000,9999.000,9999.000,9999.000,9999.000,9999.000,9999.000
202603100736,   0.247,   0.869,9999.000,9999.000,9999.000,9999.000,9999.000,9999.000,9999.000
202603100742,   0.251,   0.879,9999.000,9999.000,9999.000,9999.000,9999.000,9999.000,9999.000
202603100748,   0.255,   0.888,9999.000,9999.000,9999.000,9999.000,9999.000,9999.000,9999.000
202603100754,   0.258,   0.898,9999.000,9999.000,9999.000,9999.000,9999.000,9999.000,9999.000
202603100800,   0.262,   0.918,   0.400,   0.256,   0.918,   0.300,   0.818,   0.400,   0.918
202603100806,   0.265,   0.918,9999.000,9999.000,9999.000,9999.000,9999.000,9999.000,9999.000
202603100812,   0.268,   0.918,9999.000,9999.000,9999.000,9999.000,9999.000,9999.000,9999.000
202603100818,   0.271,   0.918,9999.000,9999.000,9999.000,9999.000,9999.000,9999.000,9999.000
202603100824,   0.274,   0.941,9999.000,9999.000,9999.000,9999.000,9999.000,9999.000,9999.000
202603100830,   0.277,   0.941,9999.000,9999.000,9999.000,9999.000,9999.000,9999.000,9999.000
202603100836,   0.279,   0.951,9999.000,9999.000,9999.000,9999.000,9999.000,9999.000,9999.000
202603100842,   0.281,   0.961,9999.000,9999.000,9999.000,9999.000,9999.000,9999.000,9999.000
202603100848,   0.283,   0.961,9999.000,9999.000,9999.000,9999.000,9999.000,9999.000,9999.000
202603100854,   0.285,   0.961,9999.000,9999.000,9999.000,9999.000,9999.000,9999.000,9999.000
202603100900,   0.287,   0.961,   0.300,   0.374,   0.961,   0.300,   0.961,   0.400,   1.061
202603100906,   0.288,   0.970,9999.000,9999.000,9999.000,9999.000,9999.000,9999.000,9999.000
202603100912,   0.290,   0.970,9999.000,9999.000,9999.000,9999.000,9999.000,9999.000,9999.000
202603100918,   0.290,   0.970,9999.000,9999.000,9999.000,9999.000,9999.000,9999.000,9999.000
202603100924,   0.291,   0.970,9999.000,9999.000,9999.000,9999.000,9999.000,9999.000,9999.000
202603100930,   0.292,   0.980,9999.000,9999.000,9999.000,9999.000,9999.000,9999.000,9999.000
202603100936,   0.292,   0.980,9999.000,9999.000,9999.000,9999.000,9999.000,9999.000,9999.000
202603100942,   0.292,   0.980,9999.000,9999.000,9999.000,9999.000,9999.000,9999.000,9999.000
202603100948,   0.291,   0.970,9999.000,9999.000,9999.000,9999.000,9999.000,9999.000,9999.000
202603100954,   0.290,   0.961,9999.000,9999.000,9999.000,9999.000,9999.000,9999.000,9999.000
202603101000,   0.289,   0.961,   0.300,   0.372,   0.961,   0.300,   0.961,   0.400,   1.061
202603101006,   0.288,   0.951,9999.000,9999.000,9999.000,9999.000,9999.000,9999.000,9999.000
202603101012,   0.286,   0.951,9999.000,9999.000,9999.000,9999.000,9999.000,9999.000,9999.000
202603101018,   0.284,   0.941,9999.000,9999.000,9999.000,9999.000,9999.000,9999.000,9999.000
202603101024,   0.281,   0.928,9999.000,9999.000,9999.000,9999.000,9999.000,9999.000,9999.000
202603101030,   0.279,   0.918,9999.000,9999.000,9999.000,9999.000,9999.000,9999.000,9999.000
202603101036,   0.276,   0.908,9999.000,9999.000,9999.000,9999.000,9999.000,9999.000,9999.000
202603101042,   0.272,   0.888,9999.000,9999.000,9999.000,9999.000,9999.000,9999.000,9999.000
202603101048,   0.268,   0.879,9999.000,9999.000,9999.000,9999.000,9999.000,9999.000,9999.000
202603101054,   0.264,   0.849,9999.000,9999.000,9999.000,9999.000,9999.000,9999.000,9999.000
202603101100,   0.260,   0.829,   0.300,   0.269,   0.829,   0.300,   0.829,   0.400,   0.929
202603101106,   0.256,   0.819,9999.000,9999.000,9999.000,9999.000,9999.000,9999.000,9999.000
202603101112,   0.251,   0.819,9999.000,9999.000,9999.000,9999.000,9999.000,9999.000,9999.000
202603101118,   0.246,   0.800,9999.000,9999.000,9999.000,9999.000,9999.000,9999.000,9999.000
202603101124,   0.240,   0.780,9999.000,9999.000,9999.000,9999.000,9999.000,9999.000,9999.000
202603101130,   0.235,   0.760,9999.000,9999.000,9999.000,9999.000,9999.000,9999.000,9999.000
202603101136,   0.229,   0.741,9999.000,9999.000,9999.000,9999.000,9999.000,9999.000,9999.000
202603101142,   0.223,   0.731,9999.000,9999.000,9999.000,9999.000,9999.000,9999.000,9999.000
202603101148,   0.218,   0.708,9999.000,9999.000,9999.000,9999.000,9999.000,9999.000,9999.000
202603101154,   0.211,   0.669,9999.000,9999.000,9999.000,9999.000,9999.000,9999.000,9999.000
202603101200,   0.205,   0.659,   0.400,   0.054,   0.659,   0.400,   0.659,   0.400,   0.659
202603101206,   0.199,   0.639,9999.000,9999.000,9999.000,9999.000,9999.000,9999.000,9999.000
202603101212,   0.193,   0.639,9999.000,9999.000,9999.000,9999.000,9999.000,9999.000,9999.000
202603101218,   0.187,   0.619,9999.000,9999.000,9999.000,9999.000,9999.000,9999.000,9999.000
202603101224,   0.181,   0.610,9999.000,9999.000,9999.000,9999.000,9999.000,9999.000,9999.000
202603101230,   0.174,   0.590,9999.000,9999.000,9999.000,9999.000,9999.000,9999.000,9999.000
202603101236,   0.168,   0.570,9999.000,9999.000,9999.000,9999.000,9999.000,9999.000,9999.000
202603101242,   0.162,   0.531,9999.000,9999.000,9999.000,9999.000,9999.000,9999.000,9999.000
202603101248,   0.156,   0.518,9999.000,9999.000,9999.000,9999.000,9999.000,9999.000,9999.000
202603101254,   0.150,   0.488,9999.000,9999.000,9999.000,9999.000,9999.000,9999.000,9999.000
202603101300,   0.145,   0.459,   0.400,  -0.086,   0.459,   0.400,   0.459,   0.400,   0.459
202603101306,   0.139,   0.449,9999.000,9999.000,9999.000,9999.000,9999.000,9999.000,9999.000
202603101312,   0.134,   0.449,9999.000,9999.000,9999.000,9999.000,9999.000,9999.000,9999.000
202603101318,   0.128,   0.429,9999.000,9999.000,9999.000,9999.000,9999.000,9999.000,9999.000
202603101324,   0.123,   0.409,9999.000,9999.000,9999.000,9999.000,9999.000,9999.000,9999.000
202603101330,   0.118,   0.400,9999.000,9999.000,9999.000,9999.000,9999.000,9999.000,9999.000
202603101336,   0.114,   0.400,9999.000,9999.000,9999.000,9999.000,9999.000,9999.000,9999.000
202603101342,   0.109,   0.390,9999.000,9999.000,9999.000,9999.000,9999.000,9999.000,9999.000
202603101348,   0.105,   0.380,9999.000,9999.000,9999.000,9999.000,9999.000,9999.000,9999.000
202603101354,   0.100,   0.360,9999.000,9999.000,9999.000,9999.000,9999.000,9999.000,9999.000
202603101400,   0.096,   0.350,   0.400,  -0.146,   0.350,   0.400,   0.350,   0.400,   0.350
202603101406,   0.092,   0.331,9999.000,9999.000,9999.000,9999.000,9999.000,9999.000,9999.000
202603101412,   0.089,   0.331,9999.000,9999.000,9999.000,9999.000,9999.000,9999.000,9999.000
202603101418,   0.085,   0.308,9999.000,9999.000,9999.000,9999.000,9999.000,9999.000,9999.000
202603101424,   0.082,   0.298,9999.000,9999.000,9999.000,9999.000,9999.000,9999.000,9999.000
202603101430,   0.079,   0.278,9999.000,9999.000,9999.000,9999.000,9999.000,9999.000,9999.000
202603101436,   0.076,   0.278,9999.000,9999.000,9999.000,9999.000,9999.000,9999.000,9999.000
202603101442,   0.073,   0.268,9999.000,9999.000,9999.000,9999.000,9999.000,9999.000,9999.000
202603101448,   0.070,   0.268,9999.000,9999.000,9999.000,9999.000,9999.000,9999.000,9999.000
202603101454,   0.068,   0.259,9999.000,9999.000,9999.000,9999.000,9999.000,9999.000,9999.000
202603101500,   0.066,   0.259,   0.400,  -0.207,   0.259,   0.400,   0.259,   0.400,   0.259
202603101506,   0.064,   0.249,9999.000,9999.000,9999.000,9999.000,9999.000,9999.000,9999.000
202603101512,   0.062,   0.249,9999.000,9999.000,9999.000,9999.000,9999.000,9999.000,9999.000
202603101518,   0.060,   0.259,9999.000,9999.000,9999.000,9999.000,9999.000,9999.000,9999.000
202603101524,   0.059,   0.219,9999.000,9999.000,9999.000,9999.000,9999.000,9999.000,9999.000
202603101530,   0.057,   0.209,9999.000,9999.000,9999.000,9999.000,9999.000,9999.000,9999.000
202603101536,   0.056,   0.209,9999.000,9999.000,9999.000,9999.000,9999.000,9999.000,9999.000
202603101542,   0.055,   0.200,9999.000,9999.000,9999.000,9999.000,9999.000,9999.000,9999.000
202603101548,   0.054,   0.200,9999.000,9999.000,9999.000,9999.000,9999.000,9999.000,9999.000
202603101554,   0.054,   0.219,9999.000,9999.000,9999.000,9999.000,9999.000,9999.000,9999.000
202603101600,   0.054,   0.239,   0.400,  -0.215,   0.239,   0.400,   0.239,   0.400,   0.239
202603101606,   0.054,   0.239,9999.000,9999.000,9999.000,9999.000,9999.000,9999.000,9999.000
202603101612,   0.054,   0.239,9999.000,9999.000,9999.000,9999.000,9999.000,9999.000,9999.000
202603101618,   0.054,   0.239,9999.000,9999.000,9999.000,9999.000,9999.000,9999.000,9999.000
202603101624,   0.055,   0.249,9999.000,9999.000,9999.000,9999.000,9999.000,9999.000,9999.000
202603101630,   0.056,   0.239,9999.000,9999.000,9999.000,9999.000,9999.000,9999.000,9999.000
202603101636,   0.058,   0.219,9999.000,9999.000,9999.000,9999.000,9999.000,9999.000,9999.000
202603101642,   0.059,   0.219,9999.000,9999.000,9999.000,9999.000,9999.000,9999.000,9999.000
202603101648,   0.061,   0.219,9999.000,9999.000,9999.000,9999.000,9999.000,9999.000,9999.000
202603101654,   0.063,   0.229,9999.000,9999.000,9999.000,9999.000,9999.000,9999.000,9999.000
202603101700,   0.066,   0.229,   0.400,  -0.237,   0.229,   0.400,   0.229,   0.400,   0.229
202603101706,   0.069,   0.249,9999.000,9999.000,9999.000,9999.000,9999.000,9999.000,9999.000
202603101712,   0.072,   0.249,9999.000,9999.000,9999.000,9999.000,9999.000,9999.000,9999.000
202603101718,   0.075,   0.259,9999.000,9999.000,9999.000,9999.000,9999.000,9999.000,9999.000
202603101724,   0.079,   0.278,9999.000,9999.000,9999.000,9999.000,9999.000,9999.000,9999.000
202603101730,   0.083,   0.288,9999.000,9999.000,9999.000,9999.000,9999.000,9999.000,9999.000
202603101736,   0.087,   0.298,9999.000,9999.000,9999.000,9999.000,9999.000,9999.000,9999.000
202603101742,   0.091,   0.298,9999.000,9999.000,9999.000,9999.000,9999.000,9999.000,9999.000
202603101748,   0.095,   0.331,9999.000,9999.000,9999.000,9999.000,9999.000,9999.000,9999.000
202603101754,   0.100,   0.370,9999.000,9999.000,9999.000,9999.000,9999.000,9999.000,9999.000
202603101800,   0.105,   0.370,   0.400,  -0.135,   0.370,   0.400,   0.370,   0.400,   0.370
202603101806,   0.110,   0.390,9999.000,9999.000,9999.000,9999.000,9999.000,9999.000,9999.000
202603101812,   0.115,   0.390,9999.000,9999.000,9999.000,9999.000,9999.000,9999.000,9999.000
202603101818,   0.120,   0.400,9999.000,9999.000,9999.000,9999.000,9999.000,9999.000,9999.000
202603101824,   0.125,   0.429,9999.000,9999.000,9999.000,9999.000,9999.000,9999.000,9999.000
202603101830,   0.130,   0.449,9999.000,9999.000,9999.000,9999.000,9999.000,9999.000,9999.000
202603101836,   0.135,   0.469,9999.000,9999.000,9999.000,9999.000,9999.000,9999.000,9999.000
202603101842,   0.140,   0.478,9999.000,9999.000,9999.000,9999.000,9999.000,9999.000,9999.000
202603101848,   0.145,   0.498,9999.000,9999.000,9999.000,9999.000,9999.000,9999.000,9999.000
